1 1 1 1 1 1 1 1 1 1 1 1 1 1 1 1 1 1 1 1 1 1 1 1 1 1 1 1 1 1 1 1 1 1 1 1 1 1 1 1 
1 1 1 24 24 24 24 24 24 24 24 24 24 24 24 24 24 24 24 24 24 24 24 24 24 24 24 24 1 24 24 24 24 24 1 24 1 24 24 24 
1 1 1 1 1 1 1 24 24 24 24 24 24 24 24 1 1 24 24 4 4 2 2 2 4 24 24 24 24 24 24 4 4 1 1 24 1 24 24 1 
1 1 1 24 24 24 1 24 24 24 24 24 1 24 1 24 24 2 3 3 14 14 14 14 14 3 2 4 24 24 24 2 2 1 1 24 24 24 24 1 
1 1 1 1 1 1 1 24 24 24 24 24 24 24 24 2 3 14 14 14 13 14 13 15 13 14 14 14 2 4 5 3 4 1 24 24 24 24 24 1 
1 1 1 1 1 24 24 24 24 24 24 24 1 4 3 14 15 13 2 14 13 13 13 14 13 14 14 14 14 3 3 3 24 24 24 24 1 1 1 1 
1 1 1 1 1 24 24 24 24 24 1 24 4 3 13 15 14 2 13 14 13 13 13 15 13 14 14 14 14 14 20 3 24 1 24 24 24 24 1 1 
1 1 1 1 1 1 24 24 24 24 24 4 3 15 13 13 15 13 14 14 14 14 14 14 14 14 14 14 14 14 20 14 2 24 24 24 24 24 1 1 
1 1 1 1 1 24 24 24 24 24 4 3 15 13 13 13 13 14 14 14 14 14 14 14 14 14 14 14 14 20 20 14 14 2 24 1 1 24 1 24 
1 1 1 1 1 24 24 24 24 24 3 14 14 13 13 14 14 14 3 2 2 2 2 4 2 3 14 14 14 20 20 14 14 14 4 24 1 1 1 24 
1 1 1 24 24 24 24 24 24 2 14 14 14 14 14 14 3 2 24 1 24 5 4 1 1 1 4 3 20 20 20 14 14 14 3 24 24 24 24 1 
1 1 1 1 24 1 1 24 5 14 13 14 14 14 14 3 4 1 1 1 1 5 4 1 1 24 24 2 20 20 20 14 14 14 14 2 24 24 1 1 
1 1 1 1 1 1 24 24 2 3 13 2 14 14 3 2 1 24 1 1 1 5 4 1 1 1 1 3 20 20 20 14 14 14 15 3 4 24 24 1 
1 1 1 1 1 24 24 5 14 13 13 14 14 3 4 2 1 1 1 1 1 5 4 1 1 1 4 20 20 20 20 14 14 13 13 13 2 1 24 1 
1 1 24 24 24 24 24 2 3 13 13 14 14 2 1 4 4 1 1 1 1 5 4 1 1 1 2 20 20 20 31 3 14 13 3 14 3 24 1 24 
1 1 1 24 24 24 4 3 13 2 13 14 2 1 1 1 2 1 1 1 1 2 4 1 24 24 3 20 20 20 2 2 14 14 14 14 14 2 1 24 
1 1 1 24 24 24 2 3 13 13 14 14 4 1 1 1 2 2 2 2 2 2 2 2 2 2 20 20 20 20 2 1 3 14 14 14 13 2 1 24 
1 1 1 24 24 24 2 3 13 13 14 3 1 1 1 2 2 2 24 4 4 2 4 1 24 2 20 20 20 20 4 24 2 14 3 2 2 3 24 24 
1 1 1 1 24 24 3 13 14 14 14 2 1 24 2 4 1 2 2 20 20 3 4 1 1 2 20 20 20 20 4 24 24 3 14 13 13 14 4 24 
1 1 24 24 24 4 14 13 13 14 14 24 4 2 24 1 1 4 3 20 20 20 31 24 24 2 20 20 20 20 2 24 24 12 14 14 14 14 2 1 
1 1 1 24 24 5 14 13 13 14 3 2 2 1 1 1 1 24 3 20 20 20 20 2 24 2 20 20 20 3 24 2 4 3 14 14 14 13 2 1 
1 1 1 1 24 2 14 13 13 14 3 2 1 1 1 1 1 1 3 20 20 20 20 3 24 2 20 20 20 3 1 24 2 31 14 14 13 13 31 1 
1 1 1 24 24 2 3 13 15 14 2 2 24 1 1 1 1 1 2 3 20 20 20 20 4 2 20 20 20 2 1 1 2 2 14 14 14 15 3 24 
1 1 24 24 24 2 14 3 13 14 2 4 4 1 1 1 1 1 2 4 3 20 20 20 2 24 3 20 20 2 4 4 2 24 14 14 14 14 3 24 
1 24 24 24 24 2 14 14 14 14 4 4 2 1 1 1 1 1 2 24 2 20 20 20 2 4 2 20 20 20 20 20 2 24 3 14 15 15 3 24 
1 1 24 24 24 2 14 14 14 14 2 24 2 1 1 1 1 1 2 24 1 2 20 20 20 20 20 0 20 20 20 20 2 24 3 3 13 2 13 1 
1 1 1 24 24 2 15 13 3 14 2 4 2 1 1 1 1 1 2 24 2 3 20 20 31 2 3 20 20 20 20 20 2 24 14 14 14 14 3 1 
1 24 24 24 24 2 3 13 3 14 2 4 4 1 1 1 1 1 2 4 20 20 20 20 2 4 20 20 20 3 2 2 2 4 14 14 14 14 3 24 
1 24 24 24 24 2 14 15 13 14 3 2 24 1 1 1 1 1 2 3 20 20 20 20 4 2 20 20 20 2 1 1 2 2 14 14 15 14 2 1 
1 24 24 24 24 2 3 2 13 14 3 31 24 1 1 1 1 1 3 20 20 20 20 31 1 3 20 20 20 3 1 24 2 3 14 3 2 13 2 1 
1 24 24 24 24 5 14 13 13 14 14 2 2 24 1 1 1 4 3 20 20 20 20 2 24 3 20 20 20 3 24 2 2 3 14 14 3 13 2 1 
1 24 24 24 24 4 3 13 13 14 14 4 24 2 4 1 1 2 3 20 20 20 2 1 24 3 20 20 20 20 2 24 24 3 14 14 14 14 4 1 
1 24 24 24 24 24 3 13 13 13 14 2 24 1 2 2 24 2 2 20 20 3 24 1 24 3 20 20 20 20 4 24 2 14 14 15 14 3 24 24 
1 24 24 24 24 24 2 15 13 13 14 3 24 1 1 24 2 2 2 2 2 2 1 1 4 3 20 20 20 20 2 1 3 14 3 13 13 2 1 1 
1 24 24 24 24 24 4 3 3 15 14 14 2 1 1 1 2 24 4 2 2 31 2 2 2 2 20 20 20 20 2 2 14 14 14 14 14 2 24 1 
1 24 24 24 24 24 24 3 13 13 13 14 3 4 1 2 4 1 1 1 1 2 24 1 1 2 20 20 20 20 31 3 14 14 14 14 3 24 24 1 
1 24 24 24 24 24 24 2 3 13 13 14 14 3 4 2 24 1 24 1 24 2 24 1 24 4 3 20 20 20 20 14 14 13 13 3 2 24 24 1 
1 24 24 24 24 24 24 24 3 13 3 13 14 14 3 24 1 1 24 1 1 2 1 1 1 1 2 20 20 20 20 14 14 13 15 3 4 24 24 24 
1 1 24 24 24 24 24 24 2 14 13 2 15 14 14 2 24 24 24 24 1 2 1 24 1 24 2 20 20 20 20 14 14 14 14 2 24 24 1 1 
1 24 24 24 24 24 24 24 24 3 3 15 14 14 14 14 3 4 1 24 1 2 1 24 1 24 5 20 20 20 20 14 14 14 3 24 24 24 1 24 
1 1 24 24 24 24 1 24 24 4 3 14 14 14 14 14 14 14 2 2 4 2 24 4 2 2 3 14 20 20 20 14 14 14 2 24 24 1 1 1 
1 24 24 24 24 24 24 24 24 24 2 14 14 14 14 13 14 14 14 14 14 3 3 3 14 14 14 14 20 20 20 14 14 2 24 24 24 24 24 1 
1 1 24 1 24 1 24 24 24 24 24 2 14 14 13 13 13 14 14 14 14 14 14 14 14 14 14 14 14 20 21 14 2 24 24 1 24 24 1 1 
1 1 24 1 24 24 24 24 24 24 24 24 2 14 13 13 2 15 13 13 14 14 14 13 13 14 14 14 14 20 20 3 24 1 24 24 24 24 24 1 
1 1 24 1 1 1 24 24 24 24 24 24 24 2 3 14 13 13 2 2 13 2 13 2 14 14 14 14 14 14 20 3 24 24 24 24 1 24 1 1 
1 24 24 24 24 1 24 24 24 24 24 24 24 24 4 2 14 13 13 13 13 13 13 13 14 14 14 14 3 4 3 20 4 24 24 1 24 1 1 1 
1 1 24 24 24 1 1 24 24 24 24 24 24 24 24 24 5 2 3 14 14 14 14 14 14 14 2 2 24 24 5 3 2 24 24 24 1 1 1 1 
1 1 1 1 24 1 1 1 24 24 24 24 24 24 24 24 24 24 4 2 2 2 2 2 2 4 1 24 24 24 24 2 2 1 1 24 1 1 1 1 
1 24 1 1 24 24 24 24 24 24 24 24 24 24 24 24 24 24 1 24 24 24 24 24 24 24 24 24 24 24 1 1 24 1 1 1 1 1 1 1 
1 1 1 1 1 1 1 1 1 1 1 1 1 1 1 1 1 1 1 1 1 1 1 1 1 1 1 1 1 1 1 1 1 1 1 1 1 1 1 1 
